0016229912185
6928395200192
6928395200017
6933362463852
6901141960465
6901141960496
4650062340321
6918962000119
9310012002475
5010338303006
4600987003580
2999999560450
4607078147055
4607078147079
4670018740678
5060088795118
4620017452348
4620017452355
4620017452386
4620017452379
4620017452393
4620017452362
4870002327339
4650091800155
4650091800162
4870002322389
4870002327391
4870002327384
4870002322396
2999999360852
2999999381901
2099999166277
2999999502061
2099999138939
2999999361484
2999999549257
2999999338929
2099999712061
2099999624760
2099999141120
2099999142493
2999999362931
2999999381567
2099999504086
2999999507875
2999999507868
2099999139677
2999999482646
2999999334754
2999999007344
4606068191344
2099999142516
2099999139691
2999999559317
2999999549295
2999999274562
2999999164245
2099999138953
2999999381550
2099999918937
2999999008297
2999999510271
2099999138946
2099999166291
2999999357784
2999999417013
2999999307826
2999999362924
2999999248433
2999999531023
2999999492171
2999999492188
2999999433587
2999999492195
2999999274517
2099999504161
2099999504178
2999999357791
2999999381604
2999999361477
2099999166178
2999999243643
2999999243612
2999999243636
2999999098663
2999999460996
2999999549271
2999999525732
2999999549264
2999999546041
2999999340335
2999999243599
2999999546034
2913770000010
2999999549288
2099999139684
2999999282536
2999999274616
2099999139721
2999999460989
2999999417037
2999999502696
2999999338141
2999999412537
2999999360838
2099999162545
2999999425636
2999999322898
2099999163702
2999999396325
2099999627785
2099999139448
2099999710586
2999999468534
2999999468541
2999999507820
2999999322904
2999999340557
2999999418010
2999999396370
2999999307802
4607005204813
4607005204806
4607005204820
4601463004220
4601463004213
4607005204110
4607005204103
4607005204738
4607006970861
4600076115569
4600076115545
4670015959073
4670015959059
4850031000182
4850031000199
4607006971011
4607110700705
4607110700699
4607110700743
4607110700620
4607110705021
4627133500472
4627133500519
4607110705014
4627133500533
4607110705083
4607022741902
4607110705038
4607110705045
4620017700197
4620017700524
4607110705090
4607110701924
4620017700531
4607055565995
4620017700401
4620017700388
2999999464871
2099999423813
2999999563048
2999999563031
2999999559508
2999999546768
2999999547147
2099999823323
2099999138793
2099999138809
2099999138816
4603551604404
2010000449738
2010001975397
2010000417065
2010000969441
2010000158128
2010000537572
2040000056155
2010000154359
2010001975373
2010000621226
2040000342135
2010001975380
2010000078204
2010002169245
2010002165391
2010002165322
2010002165315
2010002169320
2010002165339
4650065520812
9785766808152
4606068244163
8001090721433
4606068218102
4600685100284
4600685100956
4600685600449
4600685200106
4630039530016
4607953323390
714100715093
4606260008501
2000040149002
2000040150008
4690329007529
4600699510338
4600699507512
4600699508304
4600699508311
4600699507833
4600699507925
4600699508700
4600699508717
4600682021476
4605664011889
4770075449542
4640004206761
4006894133103
4680302009121
4670025942973
4610022257489
4670025941051
5000204980431
4600653110635
4600653110666
4600653110734
4601780014544
2010001669289
9000101406627
4606068282912
2570791002920
4600653110710
4660013550013
4751023293967
4607133450427
2999999551120
2999999495882
2999999557849
2999999496124
2999999557832
4607172204463
2999999496100
2999999322942
2999999464918
2999999557825
2999999518178
2999999528863
4607036514738
2999999421393
2099999621295
2999999415941
2999999462211
2999999176835
2999999414319
2099999108468
2999999037358
2999999176897
2999999418072
2999999537537
2999999537520
4100000980794
4680003000243
4607132985715
4607132985722
4607005202246
8005400834042
4670015959554
8005400838248
4680011893394
4600870122787
2999999412049
2099999108475
2099999308486
2999999005678
2999999486828
2999999546836
2999999393898
2099999213414
2999999385794
2999999299800
2099999514160
2999999507004
2099999623718
4607172205460
2999999386937
2999999094696
2999999199209
2099999209349
2099999978733
2999999108249
2999999367240
5904730983358
8002270025624
4606068265137
4606068265090
4606068265113
4606068265106
4606068265120
4850056000976
2010001207887
2010001207894
2010001076278
5901064774898
4600870121957
4630035940123
4607085177410
4607085177427
4607085177670
4607085179667
4607085179643
4607085177397
3500610117268
3500610117237
8002153220917
8002153226049
8002153219201
3760205905353
3760205905315
3295890170385
8412276298128
4049366001203
8412276295127
8412276126117
8412276126124
7804342008495
4760019803516
7804342008464
8021904852115
8021904845117
8000013025016
4660013286523
8000013025030
4670015954085
4670015954184
4670015954108
4670015957024
4670015954160
800279300754
3760205905032
3760205905056
3263286327545
8009307013234
8437010997440
8437010997433
8009307014996
4670015956782
4003301056406
8021904003111
8431356003834
7804606601165
3120580010293
8009307012688
4680011895336
4630035940062
4630035940055
4630035940086
4630035940093
4630035940109
4630035540101
4607085176130
4660013288459
4660013288596
4660013288473
4607085177601
4607085177595
4660013286073
4860022084428
4860009760697
4860009760680
4860009760673
8000013024965
8000013024989
8000013024972
8000013024996
3760205905117
3760205905094
8021904344115
3295890160386
4607085179599
4607085179582
4607085179612
4607085179605
4601351009269
4680011895343
4607085177519
4607085177526
4670000682016
4670000681996
4620015676005
8003971359001
8003971358004
4607085179988
4607085179841
8009307013098
4810089333113
4810226070383
4607139955445
4630014177045
4606068123840
4606068044329
8584023000732
4810226104620
4606068090678
4810226070512
4606068052256
8000000668264
8000000668271
4606068094478
4607020015210
4607139956459
4610022250053
4810089316147
4630014178301
4810226104545
4690367051072
4810226196823
4607139959887
4612739692003
4610022254020
4810089405629
4606068094485
4607067463234
4606068227838
4610022251036
4606068082208
4612731980405
4820040101170
8300491319516
6944944002697
4810226162651
4810089405612
4607139959870
4612731980375
4606068103224
4630014170862
4606068025250
8033604143615
8033604846776
8300491462014
4810226162538
4690565005082
4820040237145
8000000418524
6944944001430
4810226008249
4607114717648
8300081083933
8300081504018
4820040121697
8300081857961
8033604846806
4627106972497
4811473087872
4811473019354
4606068214111
4640009931200
4640009935970
4606068247775
2999999506366
4606068007447
2999999507905
2999999338073
3266831001082
4607002228119
4607002228218
8017746202010
4606068198893
4606068144951
4606068021320
4606068183752
4606068021337
4606068219048
4606068183745
4606068261399
46209269
46209252
4606068220112
4620006996877
4602486003313
4620020892810
4680030441538
4690398074866
4680020246082
4607953328388
4607005401748
4607043335111
4610012250971
2586493006746
2062524001404
2542374005529
2599123002704
2595137004017
2587901004989
2595136003967
2541789004400
2550654002045
2564040002977
2509191006948
2541718015804
2515625007474
2531191008943
2564634011552
2559072002859
2564039003046
2574579003321
2564040003295
2574577003590
2564043002448
2958880005890
4601780015695
4850041003098
4850041003104
4630024790289
4601351011460
4601351011477
4601351011453
4670018740494
4810039027239
4600288018726
4627100380908
4612613500196
2060000513953
4620004421074
4620004420619
4607116824894
4607116824955
8801046313732
8801046313848
4603734079807
4640001814709
4607082854802
4603734079319
4603734079036
4607078971759
4680007208317
4603721331345
4631137283279
4607078971995
4606055968041
4607050973719
4603580006187
4607131700012
2000371366000
4660017670748
4810226054536
4810226054512
4810226003244
4810226052136
4810226132234
2000357202001
4670012881711
2060000596826
2000236413009
4670012881735
4610030030227
4600999012235
4640016743841
4604857001119
7322541028828
0052742000404
4607099620865
2060000461667
4600104035050
3574661484518
2000860006851
4606033150338
2000860006837
2040000347871
4606033150307
2040000342043
2010000654040
2010000813645
4607170620692
4607170620708
2040000276430
2040000236991
2040000381455
2010001995241
4607023654218
2010001010043
2010002018352
2010002018345
2010002018338
4680218083796
4607032371151
4640016742349
4607027974114
8699993514001
4607056505594
4008496559398
2010001006343
2040000255749
2010001006367
2010001006374
2010000575543
4607015776973
4607001724476
4607003761738
2010000890998
4604248017644
2010000903063
4680020242350
4680020245818
4680020242701
4670003632599
4607009922119
2010001816218
2010002180318
2010001890126
4607124320227
4606735689198
4607055762745
4607055762752
4603725936089
4607004240904
4607024970928
4607002228096
4665302980588
4605246014567
4605246014581
4600288018139
4606068011086
4605246014574
3267025010682
4607011533907
4606445019025
4606445018981
4606445018943
4606445021929
4620759120697
4607071021574
4607079335871
4620759120406
4607079334553
4670013181681
4670013184057
4606445018936
2000365448002
0009603970390
4670013184040
2090000103380
2000365446008
2000397279001
4620759121878
2000280102003
2010001886532
2010001886549
4630017731480
2099999858196
2099999846629
2999999340601
2999999340618
2999999386944
2099999088494
2999999547963
2999999460903
2999999235419
2099999208052
2999999343039
2999999340632
2099999096741
2099999157374
2999999340625
2999999315524
2999999547949
4607175485395
4600583938286
4600583937227
4751022360462
4751022361797
4607040951574
4600583937166
4751022360479
4606068253493
4751022360240
4751022361803
4606068248758
4606068248741
8001090828477
4606068281670
4606068065218
4606068068905
4606068276768
4606068065232
4606068065225
4606068276751
4606068000066
4606068095697
4606068019044
4606068121198
4606068021450
4606068128609
4607019831210
4606068144203
4620018102051
4603770011113
4601063001766
2010002179879
4620005394452
4610013298286
4601063020569
4601063010706
4601063002862
4603770009134
8308583331705
4820040063126
4810089166728
2010001686095
2393956009363
2010001311195
4607050464736
4603725964686
2010002041466
4606068011895
4606068159559
4606068279998
4606068148140
4606068008802
4606532002428
4605612333032
4606068091835
5000204980349
4640018991547
4013700421217
4013700421125
4013700421156
4606068282165
4013700421187
7622210577634
4670016478191
4606068282127
2999999549325
4606068245979
4606907004002
4609871057050
4606068171445
5907718921724
4609871055285
4609871053045
5900950769000
4609871057357
4606068145606
7041068136259
4750011850151
4606068214135
4606068171131
4607153980157
4606068214548
4606068244613
2999999258050
4607046372175
4600870119374
4600870119688
6449000027450
2402289003761
2999999472333
2999999472364
2999999454919
2999999555715
2999999264495
2999999264501
2999999378017
2999999399890
4610005172389
4606609361496
2099999715062
2010000158180
2010000158197
2374628004589
4607076193016
4608552106087
2101026003223
4680006931377
4620757921357
4620757921326
4620757921203
4650058325813
8690757002802
4607166907172
4606068262754
4609800229831
4609871057067
4607030005904
6956732005414
4650071331556
5000281035338
4660017310965
4606068010850
4606068092672
4607062868973
5903727504132
4605506851024
4607066981647
4607066981906
4627122060161
4680032114898
4607149782413
9873920184041
4602666100801
4627122060147
607020173934
4600171381777
4690601027832
4670004716274
4690601027818
4690601034830
4897062859457
4690601033703
4627090994444
8807779090407
4015100214154
4015100218978
4005900447890
4005900510761
8809541190773
8807779091893
8807779091879
8807779091886
5060255355794
4607051352636
4680456022953
4680456022960
4680393077146
4690669105602
4680393067321
4811473056168
8051403040300
8033120633089
4600357149801
8000000667823
4680393067307
8033120624681
4810226054598
4810226132074
4810226008577
6944970068001
6944970067806
4810226008751
8308583876268
8033120633072
6944970067790
4680393058244
4810226051962
4810226132067
4810226008379
4811473056144
4610007222174
4690650022734
4810226051993
8300205003854
4810226280171
4680456022984
8300081097671
4810226054529
8300081097688
8033120624452
4810226074596
4680393058213
4811473056069
6944944000563
4810226054420
8300081553672
4680456015436
4680393067352
4610007222167
8300081142340
4810226280157
4605100764560
4610007222150
4810226280072
8300081223629
4810226132043
4627113583969
4810226051870
6944944000068
6944970067776
8300081051529
8033120624469
4605100764553
4612731983192
8308583391655
6944944000174
4620012403284
8032621987295
4627113583846
4680393117576
8308583342305
4680456018987
8300081097664
6944944007869
8033120624407
6944970067851
6944944006473
4810226054413
8000000590404
8308583374528
4810226132050
4811473056113
4810226280096
4690650022727
8308583391679
4810226008393
8033120624704
4670003417196
4690290047326
4690290047364
4605196011043
4607051314894
4607051317284
4607051316522
4607051315402
4607051313699
4607010734787
4607051313705
4607051317093
4607051315396
4607051313026
4680019290140
4605370015799
4601674081911
4607065375000
4607046912159
8971020901351
6970610162747
4607104004420
6970610162723
4602950169699
4602950169590
4601728014193
2010002169238
2010002169252
7613036613408
4601032995393
4744131010090
2010000513170
4607011269127
4601240019050
2500238003159
2544150004948
2521480002509
2538890002760
2564040004223
2564041002938
2564039002636
2559072003061
2564041002877
2564042002302
2564043002516
2500051003152
2500560003100
2556485005026
2533796003057
2520086002814
2534457002969
2534461003006
2010002417131
2010001754114
2010002417155
4606631340476
4600338001860
2010001311652
4607013281486
4607013281493
2010002085033
4627114290057
4680016257801
2010001388647
2010002383092
2010001669685
2010002383085
4600294017980
4604454003189
4810226323052
4810089339290
8308583834305
2010001394600
2010001394563
2010001954583
2098423000019
4813538005104
4600494509130
2341799011630
2398401008397
2346503007329
2335594007608
2393995011280
2330923011349
2318983019468
2396897011341
4650062881992
4607936771194
4630006824483
2010001754121
2220695900005
4606993152960
4607019904730
2010001726302
4607069370493
2021272000121
5999885965151
2010002094288
2040000238421
2040000238353
2040000453046
2010002005055
2010002191789
2010001951827
4607083172745
4607034421076
4600935020720
2010002169221
2010002165353
2300705000000
4610016850986
2010002064748
3574661487113
2010002073504
2010002073498
2010001479376
2010002477982
2010002477999
2010002479429
2010002477975
4600870118117
8002235022989
3506701102311
2010000647394
8006870010820
4620008918976
4620749330365
4600171530595
4600171530380
2294838009306
2291220006967
4607060330700
4607060779158
2290807019321
2200122010064
2200578011387
2201993016841
4665270950835
4665270950866
4605991000419
4607040952519
4607132044382
4607039518931
4620003860188
4690329007369
4690329007345
4620765751236
4620765751199
4690329007635
4690329007642
2000996836599
2000996836612
4690329007352
4607084417968
4690329007659
4670002100969
4792252932876
4606068171605
4606068013004
4606068202446
4606068197919
4606068168759
4606068200565
4606068211585
4792252932869
4606068211554
4606068011109
4606068144487
4606068218348
4606068211578
4606068026714
4606068166205
4606068166199
4606068091071
4606068014582
4606068227999
4606068166182
4606068014605
4606068167295
4606068151669
4620000674382
4606068151676
4606068167127
4606068014612
4606068227975
4606068228248
4606068228255
4606068014599
4606068012861
4606068228224
4606068228217
4606068228200
4640030354399
4640030354382
4680018438079
8004735032048
4602837003917
4750011850656
4750001952025
4680018700237
5901177155454
5901177155478
8006423464186
7610036018301
4607117022282
5901177155461
4680018700138
4850001399117
4606068237653
4660020010159
4600823015159
4606068237660
4792252935815
4607809034593
4607807011374
4792252935808
4607809034678
4607809032971
4607809034524
4606068277772
4607809030885
4690545061053
4690545061046
4608120500842
4680003440018
4660028334981
4606068020569
4606068248642
4606068111540
4607114730890
4606068022075
2999999464703
2999999506373
2999999505420
2999999336543
4606068214104
4606068017934
4606068178130
2999999496056
4610004003837
4610004003721
2999999300698
2099999906668
2999999467933
2099999906675
2999999207003
2999999293563
2099999106495
2099999196496
2999999563079
2099999324455
2911201000011
2999999257701
2999999563062
2999999563017
2999999563055
2999999563000
2999999464864
2999999402491
2999999402484
2999999464888
2999999563024
2099999324424
2099999889763
2099999423820
2911307000014
2999999464895
2999999562997
2099999677247
2099999817834
2099999184042
2099999085370
2999999445481
2099999188736
2999999528337
2999999528320
2999999419871
2999999547437
2099999468654
2099999468678
2099999468562
2999999101059
2099999468517
4607032143079
7930049480958
4607043882080
4607032143000
4607032143031
4690329006300
4604049095674
4620018851874
4690329006393
2000996852865
2000996874812
4600999011283
4690329006379
4690329006362
4690329006355
4690329006409
4690329006157
4620017451556
4680021880377
4690329007772
4680021880919
4680021880872
4680021882081
4603290004435
4680021880216
4607015238037
4603290004398
4603290004121
4680021882685
4680021882739
4690329007734
4603290004183
4607015238044
4680021880957
4607026630585
4680021880209
4620017453024
4607109844199
4620017451259
4620017451242
4600452020937
4630026560668
4620017450894
4620017451846
4620017451808
4680021882050
4600452021880
4680021881121
4680021881114
4680021882067
4680021880506
4680021882043
4680021880513
4680021880520
4607035654237
4680021882326
4607035654251
4607035654244
4680021880551
4607035654534
4603290004367
4607015238051
4630026560880
4630026560842
4630026560866
4620017451075
4620017452294
4607109843574
4620017451426
4620017452270
4607109843857
2772178010393
2201977010063
2200212009169
2000996874829
2000996874775
2000996848974
2000996868453
2000996870326
4690329003941
2000996868422
4690329003965
2000996867159
2000996868439
2000947025294
4606068210809
4606068240042
4606068184032
4606068203245
4606068017422
4606068199487
4606068192105
4606068143329
4606068193614
4606068193669
4606068193652
4606068193638
4606068193621
4606068180669
4606068178154
4606068016487
4606068180676
4606068183967
4606068178147
4606068183974
4606068191795
4606068291020
4607034025755
4606068291037
4606068018023
4606068134396
4606068018047
4606068193645
4606907003203
4606068250027
4606068186579
4606068255114
4606068016340
4606068016333
4606068181833
4606068181826
4606068256166
4606068181802
4606068091743
4606068203689
8004350002747
8410376046991
8004350002730
4607040950959
4607040950997
4606068247201
8410376039726
4607040953189
0795130022557
4606068035952
4607045251815
4606068002008
4607045255905
4607045259651
4620014121391
4660019421102
4606068253721
2099999550236
2999999300704
2999999502757
2999999496063
2099999632239
2099999550205
2099999183564
4610004003707
4610004003820
4606068208691
4606068168698
4606068000257
4606068189693
4606068022860
2999999535311
4606068167141
4606068008451
4606068208707
4606068171568
4606068022877
2999999535328
2999999382601
2999999558877
4606068008444
4606068176228
2999999558860
4600209044690
4606068252670
4606068216696
4606068219086
4606068252656
4606068252649
4606068252663
4606068018696
4606068018870
4606068018887
4606068190811
4606068219574
4606068144197
4606068021702
4606068075019
4606068194321
4606068021733
4606068144968
4606068021740
4600819611760
4606068194338
4606068075026
4606068021948
4606068013387
4606068002633
4606068154158
4606068012083
4606068004408
4606068243944
4606068008406
4606068005030
4606068008796
4606068019068
4606068232283
4606068158064
4607015650143
4606068044848
4606273000073
4606068255053
4606068000141
4650077730230
4606068144975
4606068006334
4606068265465
4606068140281
4606068265458
4650091800025
4606068265472
4606068186883
4606068257651
4606068020866
4606068020859
4657155350076
4657155350083
4657155350090
4606068140274
4606068158477
4606068200282
4606068257743
4607185280102
4606068191047
4606068161194
4606068004330
4606068048372
9000403891589
4606068004316
4606068018894
4607123461969
4606068017828
4606068015107
4606068119027
4606068111908
4606068145514
4606068015145
4606068018917
4606068256265
4606068145071
4606068116545
4606068004309
4606068148157
4606068257736
4606068004293
4606068191030
4606068159771
4606068181260
4606068180478
4606068020392
4607166401168
4607166401137
4620739860032
4670015540196
4607166401427
4620012190078
4670016540188
4620012190016
4607166401281
4620739860049
4620012190276
2999999528344
2999999393423
4607023570549
4680011770718
4680011770459
4680011770749
4680011771227
4680011771234
4606068258894
4607043792709
4607027229788
4680011770664
4680011770671
4680011770633
4606068058203
4680011770237
2099999209318
4607036517104
4607023577883
4607023575759
4607023577401
4607043791184
4607023575797
4607107492040
4607107491319
4607080923814
4606068261542
4607107492880
4100000981036
4640012085921
4640012085914
4607080920011
4607080925450
4607044782624
4607107492545
4607066562051
4607023577937
4607023577944
4606068261481
4606068174996
4607003247546
4627090992204
4607174437104
4607174437050
4606453043418
8714462088903
4810090007447
4810151022136
4005900499493
4606068024956
4606068024963
4606068064365
4606068163594
4606068018689
4752171002548
4823015935367
8693495053884
4606068008178
4606068163600
4008871200181
4607101830169
4606068277260
4606068248673
4600987004433
4607081050014
4744131011646
4690601027887
5055945576511
4606068258566
4640033420077
4650074611914
4650074611907
4670004716281
4640033420015
4606068258559
4606068158705
4670004716328
4670004716250
4606068199357
4690601033727
4690601033734
4650074619651
4670004716373
4650074619569
4670004716243
4897062853035
4897062859570
4670004716380
4640033420053
4606068158699
4640033420091
5055945529012
4606068199401
4690601033697
4606068188214
4620000903062
4620000901044
4601674082079
4601674034207
4607026342044
4620036810310
4810025004589
4606068192129
8031303000666
3142806760348
4605612430045
4606068003760
4607066981890
4602666101501
4606068066024
5425037865548
4260041012684
4606068153328
4606068153335
4670027144597
4606068153359
4606068011482
4605612410047
4606068066000
4607066982194
4606068065133
4606068153342
4260041012738